1,0,0,0;-1,2,1,-2;1,1,2,2;-1,2,-1,2;-1,2,-1,2
1,0,0,0;-1,4,1,0;2,-2,-3,1;-1,0,1,-4;0,1,2,0
1,0,0,0;-1,6,5,3;0,-2,0,0;3,1,-2,-3;1,-1,5,0
1,0,0,0;-2,0,1,-2;1,1,2,-1;-1,1,-2,-2;-1,2,0,0
1,0,0,0;-2,19,11,6;5,-17,-4,6;6,2,-3,-18;9,4,14,-2
1,0,0,0;-2,22,10,7;4,-17,-6,4;2,4,-5,-16;6,5,11,2
1,0,0,0;-2,7,5,3;3,-3,-3,1;-1,2,0,-3;3,-1,2,2
1,0,0,0;-25,7,6,9;44,12,-4,37;42,7,-27,-49;-50,23,-32,-58
1,0,0,0;-3,-4,0,-1;4,3,-4,2;2,-4,4,3;3,-1,-5,-2
1,0,0,0;-32,-6,42,3;18,23,-52,-1;-57,-37,-17,-59;-39,-22,-55,-17
1,0,0,0;-43,-7,41,25;40,-31,-17,41;-34,-12,56,-24;11,15,60,34
1,0,0,0;-51,57,-21,37;59,58,26,4;-37,-40,-18,21;12,-47,-23,1
1,0,0,0;0,-1,-1,1;-1,0,-1,0;0,-1,-1,1;-1,-1,-1,-1
1,0,0,0;0,-3,-2,-2;3,3,0,1;3,1,3,-1;3,-3,2,-2
1,0,0,0;0,0,0,1;0,0,1,-1;1,-1,-1,-1;0,1,1,1
1,0,0,0;0,1,1,0;0,-1,-1,0;1,-1,1,1;0,1,0,0
1,0,0,0;0,20,14,7;3,-17,-5,3;6,5,-6,-17;8,2,12,0
1,0,0,0;0,4,5,1;3,-3,-2,3;1,0,-2,-5;3,3,3,-1
1,0,0,0;0,79,47,32;16,-66,-15,14;17,18,-18,-62;31,16,46,2
1,0,0,0;1,-1,0,-1;-1,1,-1,-1;0,0,0,-1;-1,-1,-1,0
1,0,0,0;1,-2,1,2;0,1,1,-2;0,-2,-1,0;-2,3,-1,2
1,0,0,0;1,1,-1,1;-1,0,0,-1;-1,0,-1,-1;-1,1,-1,0
1,0,0,0;1,18,14,9;5,-18,-6,3;6,4,-5,-14;9,5,10,0
1,0,0,0;1,20,12,6;6,-18,-2,2;5,3,-6,-16;6,4,10,2
1,0,0,0;1,4,2,2;1,-5,1,0;-1,-1,-3,-4;0,2,5,1
1,0,0,0;1,78,50,31;18,-64,-17,14;16,15,-16,-63;34,18,49,1
1,0,0,0;1,80,48,31;18,-64,-14,16;15,14,-14,-66;34,14,48,-2
1,0,0,0;19,23,-44,35;33,25,-53,-5;51,-8,38,-10;40,36,51,-60
1,0,0,0;2,0,0,1;2,0,0,0;1,0,-3,0;3,0,-3,0
1,0,0,0;2,18,13,6;4,-14,-5,2;3,4,-6,-14;6,6,12,1
1,0,0,0;2,22,12,8;3,-18,-6,3;4,4,-3,-17;7,2,12,1
1,0,0,0;2,6,1,1;3,-3,1,-1;3,3,-1,-4;2,-1,1,0
1,0,0,0;2,79,50,30;18,-65,-14,18;16,16,-18,-63;32,18,47,1
1,0,0,0;3,-2,-3,3;0,-3,1,0;3,-3,-1,-3;-2,-2,-1,-2
1,0,0,0;3,0,-5,0;2,0,0,0;1,0,-3,0;3,0,-1,0
1,0,0,0;3,0,3,-1;3,-3,-2,1;-3,1,-2,1;-1,-3,2,3
1,0,0,0;4,-3,-4,-5;-1,5,0,-2;4,0,-3,-3;4,3,-4,2
1,0,0,0;4,1,1,4;0,-1,4,-4;-2,-4,2,-2;3,1,-5,2
1,0,0,0;5,-2,0,0;6,0,0,4;6,0,0,2;5,6,0,0
1,0,0,0;5,0,5,0;3,0,0,6;4,0,0,-5;5,0,0,-4
1,0,0,0;54,52,24,-40;-1,5,11,57;-24,37,-39,59;32,-20,-30,11
1,0,0,0;6,0,0,-6;4,0,3,0;4,-6,0,0;2,2,0,0
