1,0,0,0;-1,-1,-1,-1;1,1,-1,-1;1,0,0,1;0,-1,1,0
1,0,0,0;-1,-1,-1,0;1,0,1,-1;1,1,1,-1;0,0,-1,1
1,0,0,0;-1,-1,-2,-1;-1,-1,0,-2;2,-2,-1,1;-2,-2,0,1
1,0,0,0;-1,-1,-2,0;0,0,-1,2;1,-2,1,2;-2,2,2,0
1,0,0,0;-1,-1,0,0;1,0,-1,-1;1,1,-1,0;-1,1,0,0
1,0,0,0;-1,-1,1,1;1,-1,1,0;0,1,1,1;1,-1,1,-1
1,0,0,0;-1,-2,2,1;-3,2,-1,0;2,3,2,-1;-1,-2,-2,-1
1,0,0,0;-1,-3,1,-3;0,1,1,0;3,2,0,-1;3,3,-3,-3
1,0,0,0;-1,-4,4,-3;-1,3,-1,3;-2,0,4,3;3,-3,4,-2
1,0,0,0;-1,0,0,-1;-2,-1,-1,0;2,-2,3,3;-3,3,-3,0
1,0,0,0;-1,0,0,-1;1,1,-1,1;-1,0,1,0;0,-1,0,0
1,0,0,0;-1,0,1,1;1,-1,-1,-1;-1,0,0,-1;1,0,0,0
1,0,0,0;-1,0,1,1;2,0,-2,-1;1,2,-2,0;-1,-2,-2,-1
1,0,0,0;-1,1,-1,0;-1,-1,0,0;0,-1,0,0;1,1,0,1
1,0,0,0;-1,1,-1,0;0,1,0,0;1,1,1,0;0,0,1,-1
1,0,0,0;-1,1,-1,0;1,0,-1,0;0,-1,-1,0;1,0,-1,-1
1,0,0,0;-1,1,0,0;1,-1,0,-1;-1,-1,-1,1;0,-1,1,1
1,0,0,0;-1,19,11,6;2,-14,-4,4;2,3,-6,-16;8,6,12,1
1,0,0,0;-1,2,1,-2;1,1,2,2;-1,2,-1,2;-1,2,-1,2
1,0,0,0;-1,21,14,10;6,-18,-2,2;6,5,-3,-16;10,2,14,-2
1,0,0,0;-1,22,10,9;3,-15,-4,3;2,2,-2,-15;9,3,10,1
1,0,0,0;-1,22,14,8;5,-15,-2,6;2,2,-3,-15;9,5,13,2
1,0,0,0;-1,3,4,4;0,-4,-1,2;1,2,0,-5;0,0,1,-2
1,0,0,0;-1,4,1,0;2,-2,-3,1;-1,0,1,-4;0,1,2,0
1,0,0,0;-1,4,3,4;2,-3,-2,2;3,1,-2,-6;2,1,3,2
1,0,0,0;-1,4,4,3;-1,-3,-1,3;2,3,-3,-5;4,3,5,0
1,0,0,0;-1,5,3,4;-1,-3,-1,-1;3,2,-2,-4;0,1,4,0
1,0,0,0;-1,6,2,1;0,-5,-1,3;2,3,-1,-4;3,1,3,2
1,0,0,0;-1,6,5,3;0,-2,0,0;3,1,-2,-3;1,-1,5,0
1,0,0,0;-1,7,3,1;0,-4,-3,0;0,1,-1,-5;3,-1,1,1
1,0,0,0;-1,82,50,30;17,-63,-16,14;15,14,-15,-65;33,17,49,-2
1,0,0,0;-2,-1,-2,0;0,1,-1,-1;-3,0,-1,2;-3,-1,2,-2
1,0,0,0;-2,-2,-1,2;-2,-1,1,1;-2,0,1,-2;2,0,-2,-1
1,0,0,0;-2,0,1,-2;1,1,2,-1;-1,1,-2,-2;-1,2,0,0
1,0,0,0;-2,1,-2,2;2,-2,1,-1;1,1,-1,1;2,2,2,-2
1,0,0,0;-2,1,-5,2;4,-4,-4,-2;-5,-3,-4,1;1,-4,0,1
1,0,0,0;-2,1,2,1;-1,-2,1,2;-2,-2,2,-2;-1,0,1,1
1,0,0,0;-2,18,12,10;2,-17,-2,5;6,4,-3,-17;6,4,10,0
1,0,0,0;-2,19,11,6;5,-17,-4,6;6,2,-3,-18;9,4,14,-2
1,0,0,0;-2,2,0,-2;-1,-1,1,0;-1,-2,1,2;-2,-1,-1,0
1,0,0,0;-2,2,0,2;-1,-2,1,-2;-2,-2,2,2;2,2,1,-1
1,0,0,0;-2,20,13,10;6,-14,-6,2;4,6,-2,-18;6,6,11,-1
1,0,0,0;-2,21,12,8;6,-16,-5,4;2,5,-3,-15;8,5,12,1
1,0,0,0;-2,22,10,7;4,-17,-6,4;2,4,-5,-16;6,5,11,2
1,0,0,0;-2,22,14,8;4,-16,-5,3;6,5,-3,-18;7,6,13,-1
1,0,0,0;-2,4,5,3;2,-6,-1,1;2,3,0,-4;2,1,3,-1
1,0,0,0;-2,5,1,3;1,-6,0,2;3,1,0,-4;2,-1,1,-2
1,0,0,0;-2,6,1,3;2,-6,0,2;1,1,0,-4;1,0,4,-1
1,0,0,0;-2,7,5,3;3,-3,-3,1;-1,2,0,-3;3,-1,2,2
1,0,0,0;-2,80,46,32;17,-65,-17,17;18,14,-14,-65;33,18,49,1
1,0,0,0;-2,81,46,34;18,-66,-17,16;16,16,-17,-64;31,18,47,1
1,0,0,0;-2,82,46,31;16,-64,-16,15;14,14,-17,-66;33,18,47,2
1,0,0,0;-2,82,49,34;18,-62,-14,16;15,14,-14,-65;30,14,46,0
1,0,0,0;-25,7,6,9;44,12,-4,37;42,7,-27,-49;-50,23,-32,-58
1,0,0,0;-26,-42,60,51;-51,-37,32,-16;26,-54,-45,-21;-19,-37,14,-45
1,0,0,0;-27,48,19,11;-13,28,0,-28;19,35,-20,-39;-15,-42,53,14
1,0,0,0;-3,-1,3,-3;5,4,-1,3;3,-5,-3,4;-3,-5,-2,-3
1,0,0,0;-3,-2,3,-3;-1,1,-2,-3;-1,0,-2,2;0,0,1,-1
1,0,0,0;-3,-4,0,-1;4,3,-4,2;2,-4,4,3;3,-1,-5,-2
1,0,0,0;-3,1,-1,2;-3,3,-3,0;0,-2,-2,2;-2,2,0,2
1,0,0,0;-3,2,2,-2;-3,2,3,2;0,-2,2,-2;0,3,1,-1
1,0,0,0;-3,3,0,-1;0,3,-2,2;0,1,3,-2;0,-2,3,-1
1,0,0,0;-30,-43,29,26;-30,52,48,32;53,25,-2,-13;-13,33,-45,58
1,0,0,0;-32,-6,42,3;18,23,-52,-1;-57,-37,-17,-59;-39,-22,-55,-17
1,0,0,0;-4,3,-1,2;5,-4,0,-4;5,-3,-4,5;1,5,2,-4
1,0,0,0;-4,3,-2,3;-1,5,1,-2;-4,5,0,3;1,4,-3,-2
1,0,0,0;-4,37,14,-9;9,-54,-24,-40;-55,-38,-9,34;45,-33,-58,-57
1,0,0,0;-40,52,3,-32;59,-20,-17,-43;59,-43,-42,42;31,-20,-55,-36
1,0,0,0;-43,-7,41,25;40,-31,-17,41;-34,-12,56,-24;11,15,60,34
1,0,0,0;-5,-3,3,1;-4,4,1,-3;0,3,-3,-1;-2,4,0,-5
1,0,0,0;-5,0,-3,-4;2,2,3,1;-3,0,4,-2;-5,-1,-5,2
1,0,0,0;-5,1,-3,5;-3,-1,5,1;4,4,5,-5;-3,-2,1,2
1,0,0,0;-50,-25,42,-54;-30,14,46,-9;42,-55,-28,-36;55,21,4,-47
1,0,0,0;-51,57,-21,37;59,58,26,4;-37,-40,-18,21;12,-47,-23,1
1,0,0,0;-52,0,44,56;-59,-54,3,-56;-12,-52,-6,57;-40,-42,-52,-34
1,0,0,0;-58,5,24,-17;0,41,22,18;26,56,-9,59;60,22,50,-52
1,0,0,0;-6,-15,11,-53;-51,2,49,1;-41,-23,-20,47;25,4,4,-17
1,0,0,0;0,-1,-1,-1;1,-1,-1,-1;0,0,-1,1;1,-1,0,1
1,0,0,0;0,-1,-1,1;-1,0,-1,0;0,-1,-1,1;-1,-1,-1,-1
1,0,0,0;0,-1,-2,0;2,1,-2,-3;-1,3,-1,-3;-1,2,0,1
1,0,0,0;0,-1,0,-1;0,1,-1,1;1,0,0,1;-1,1,-1,-1
1,0,0,0;0,-1,0,2;-3,2,-2,-2;-1,-5,-2,0;0,2,-5,-3
1,0,0,0;0,-1,2,-4;2,-3,-2,4;3,3,3,-4;3,-1,-3,0
1,0,0,0;0,-3,-2,-2;3,3,0,1;3,1,3,-1;3,-3,2,-2
1,0,0,0;0,-3,1,-3;-3,-2,1,-1;-3,3,-3,2;-2,1,-2,2
1,0,0,0;0,0,-1,1;-1,0,1,0;0,1,-1,1;0,0,-1,1
1,0,0,0;0,0,-2,-1;1,-1,0,2;0,1,-1,1;-1,-1,-2,0
1,0,0,0;0,0,-2,0;2,-2,-2,1;0,2,1,0;1,-2,-1,-2
1,0,0,0;0,0,0,1;0,0,1,-1;1,-1,-1,-1;0,1,1,1
1,0,0,0;0,0,1,0;0,-1,1,1;-1,1,0,0;-1,0,0,-1
1,0,0,0;0,1,-2,-2;0,2,-2,-1;0,0,0,-1;1,2,-1,2
1,0,0,0;0,1,0,0;1,1,-1,-1;1,0,1,1;-1,-1,0,0
1,0,0,0;0,1,1,-1;-1,0,-1,0;0,1,1,1;1,1,-1,1
1,0,0,0;0,1,1,0;0,-1,-1,0;1,-1,1,1;0,1,0,0
1,0,0,0;0,18,11,9;2,-16,-5,5;6,4,-3,-14;6,3,10,1
1,0,0,0;0,18,12,6;5,-17,-3,5;3,5,-2,-17;9,2,12,1
1,0,0,0;0,19,14,9;4,-16,-2,4;3,5,-2,-15;6,3,13,-2
1,0,0,0;0,2,2,2;2,-1,1,-1;-2,1,1,-1;1,1,-1,-2
1,0,0,0;0,20,14,7;3,-17,-5,3;6,5,-6,-17;8,2,12,0
1,0,0,0;0,20,14,9;4,-16,-6,6;3,2,-3,-16;7,6,12,1
1,0,0,0;0,22,13,8;5,-17,-2,2;2,4,-2,-15;7,5,14,-2
1,0,0,0;0,3,-2,2;1,-1,3,0;1,-2,3,1;1,-2,-2,-3
1,0,0,0;0,4,3,1;2,-2,-3,0;-1,0,1,-6;0,1,3,-2
1,0,0,0;0,4,5,1;3,-3,-2,3;1,0,-2,-5;3,3,3,-1
1,0,0,0;0,5,3,4;1,-4,-2,2;2,3,-1,-4;0,3,2,-2
1,0,0,0;0,5,4,2;1,-4,-3,1;3,-1,-1,-4;1,0,2,-2
1,0,0,0;0,5,4,2;2,-6,-2,3;0,1,-2,-4;1,0,5,-2
1,0,0,0;0,78,49,30;15,-65,-14,18;18,14,-18,-64;30,15,49,-1
1,0,0,0;0,79,47,32;16,-66,-15,14;17,18,-18,-62;31,16,46,2
1,0,0,0;0,80,48,34;15,-64,-15,14;16,14,-16,-64;34,15,49,-1
1,0,0,0;0,81,47,34;18,-63,-18,16;17,18,-18,-66;34,16,47,0
1,0,0,0;0,82,48,33;16,-63,-18,16;18,14,-18,-63;31,16,48,-2
1,0,0,0;1,-1,-1,-1;-1,-1,1,-1;0,0,0,1;-1,1,-1,1
1,0,0,0;1,-1,0,-1;-1,1,-1,-1;0,0,0,-1;-1,-1,-1,0
1,0,0,0;1,-1,0,-1;1,-1,0,-1;1,-1,1,-1;-1,1,1,1
1,0,0,0;1,-1,2,-1;-2,2,-2,0;-2,1,2,2;-1,2,2,0
1,0,0,0;1,-1,3,1;1,3,-1,-1;-1,1,2,2;1,2,1,-2
1,0,0,0;1,-2,-1,2;0,-1,1,-1;2,2,1,1;2,-2,-1,1
1,0,0,0;1,-2,1,2;0,1,1,-2;0,-2,-1,0;-2,3,-1,2
1,0,0,0;1,-2,5,-4;2,-2,-5,3;1,3,2,-3;-1,0,-1,1
1,0,0,0;1,-3,0,3;3,2,-1,3;-3,3,0,3;-3,0,1,2
1,0,0,0;1,0,-1,1;0,-1,-1,0;-1,1,0,-1;-1,-1,0,0
1,0,0,0;1,1,-1,0;1,-1,0,-1;-1,1,-1,0;1,1,0,0
1,0,0,0;1,1,-1,1;-1,0,0,-1;-1,0,-1,-1;-1,1,-1,0
1,0,0,0;1,1,0,-1;-2,2,-2,1;-1,-1,2,-2;-2,2,1,1
1,0,0,0;1,1,1,0;2,1,2,0;0,2,0,1;0,2,0,0
1,0,0,0;1,1,2,0;1,-1,2,0;-2,-2,-1,-1;1,1,0,0
1,0,0,0;1,18,10,6;3,-14,-4,5;2,5,-3,-17;6,4,12,-2
1,0,0,0;1,18,14,9;5,-18,-6,3;6,4,-5,-14;9,5,10,0
1,0,0,0;1,19,13,9;3,-16,-6,5;4,3,-4,-14;6,3,13,-2
1,0,0,0;1,19,14,6;2,-18,-3,5;3,6,-2,-17;9,4,11,2
1,0,0,0;1,2,2,-2;1,-2,-1,-2;2,1,1,1;0,-1,1,1
1,0,0,0;1,2,2,2;0,1,0,-1;-2,-2,-1,-1;1,-2,0,2
1,0,0,0;1,20,12,6;6,-18,-2,2;5,3,-6,-16;6,4,10,2
1,0,0,0;1,21,12,6;3,-16,-2,2;5,4,-3,-17;10,3,14,2
1,0,0,0;1,3,-1,0;1,3,5,-4;-1,-2,-2,1;-4,0,-1,-1
1,0,0,0;1,3,0,0;2,0,4,0;5,0,6,0;6,0,6,0
1,0,0,0;1,3,1,0;3,-1,0,0;-1,2,1,3;-3,0,3,-2
1,0,0,0;1,4,2,2;1,-5,1,0;-1,-1,-3,-4;0,2,5,1
1,0,0,0;1,4,3,1;3,-6,-1,2;0,2,1,-4;4,1,1,1
1,0,0,0;1,4,3,4;1,-2,-3,0;-1,-1,-1,-6;0,0,3,1
1,0,0,0;1,6,1,1;1,-6,-1,3;3,0,-1,-3;2,1,2,-2
1,0,0,0;1,78,47,31;18,-66,-16,18;15,14,-16,-62;31,18,49,0
1,0,0,0;1,78,50,31;18,-64,-17,14;16,15,-16,-63;34,18,49,1
1,0,0,0;1,79,49,31;15,-65,-17,16;17,17,-17,-64;31,15,50,0
1,0,0,0;1,79,49,32;16,-66,-17,15;15,15,-14,-62;32,14,47,-1
1,0,0,0;1,80,46,30;16,-62,-18,14;17,16,-14,-66;31,14,49,0
1,0,0,0;1,80,48,31;16,-63,-18,15;16,14,-14,-64;34,16,50,0
1,0,0,0;1,80,48,31;18,-64,-14,16;15,14,-14,-66;34,14,48,-2
1,0,0,0;12,-1,-53,-49;-20,3,21,1;-53,22,-42,-57;-25,8,-4,-54
1,0,0,0;12,-27,60,3;21,58,2,-32;-11,31,-15,-55;-58,53,-40,3
1,0,0,0;14,-9,-40,29;-17,-24,21,-48;21,27,-60,-16;1,11,-46,3
1,0,0,0;14,18,-7,-6;9,15,-2,-28;-18,56,2,-31;26,59,19,49
1,0,0,0;19,23,-44,35;33,25,-53,-5;51,-8,38,-10;40,36,51,-60
1,0,0,0;2,-1,3,-2;-2,-2,1,2;-2,2,-3,2;-3,-3,-1,-1
1,0,0,0;2,-2,-1,1;-2,-2,0,0;0,0,2,2;2,1,2,2
1,0,0,0;2,0,0,-2;5,0,-3,0;5,0,0,1;1,0,-3,0
1,0,0,0;2,0,0,-6;4,3,0,0;1,0,0,5;5,0,5,0
1,0,0,0;2,0,0,1;2,0,0,0;1,0,-3,0;3,0,-3,0
1,0,0,0;2,0,2,1;-1,1,2,-2;2,-2,2,1;-2,2,-2,2
1,0,0,0;2,1,-4,-3;-2,-1,-4,-2;-1,-3,-2,3;5,-1,-1,0
1,0,0,0;2,1,1,-4;4,-4,3,0;3,3,1,1;-5,0,-5,-1
1,0,0,0;2,1,2,0;-1,3,2,1;3,-2,-1,2;-2,-2,0,-3
1,0,0,0;2,18,13,6;4,-14,-5,2;3,4,-6,-14;6,6,12,1
1,0,0,0;2,18,13,7;2,-14,-5,3;6,6,-5,-15;10,6,10,1
1,0,0,0;2,2,-1,-1;-3,-1,2,0;1,1,2,-1;0,1,3,-1
1,0,0,0;2,2,-1,-1;0,-1,0,2;0,-1,-1,-1;-2,-1,-1,-1
1,0,0,0;2,2,0,2;-1,2,2,2;0,0,1,2;-1,0,-1,2
1,0,0,0;2,22,12,8;3,-18,-6,3;4,4,-3,-17;7,2,12,1
1,0,0,0;2,3,1,-1;-1,1,3,2;3,-2,0,2;-1,1,-3,0
1,0,0,0;2,3,4,3;2,-4,1,-1;-1,3,-2,-5;2,2,3,2
1,0,0,0;2,4,1,1;1,-3,0,2;3,0,1,-2;2,1,4,1
1,0,0,0;2,5,1,4;2,-6,-2,-1;1,-1,1,-4;1,2,4,0
1,0,0,0;2,6,1,1;3,-3,1,-1;3,3,-1,-4;2,-1,1,0
1,0,0,0;2,78,46,34;15,-63,-17,14;17,18,-17,-64;32,14,46,1
1,0,0,0;2,78,49,34;15,-66,-14,16;18,17,-17,-66;33,15,49,-1
1,0,0,0;2,79,46,31;16,-63,-15,14;17,17,-17,-63;33,17,49,2
1,0,0,0;2,79,48,32;16,-66,-16,18;16,14,-17,-64;30,15,50,0
1,0,0,0;2,79,50,30;18,-65,-14,18;16,16,-18,-63;32,18,47,1
1,0,0,0;2,80,48,31;18,-62,-18,16;15,17,-18,-62;32,14,46,-1
1,0,0,0;2,82,49,32;18,-65,-15,17;16,14,-15,-65;32,16,49,2
1,0,0,0;2,82,50,32;18,-66,-17,16;15,14,-16,-62;32,15,46,-1
1,0,0,0;25,-40,-46,-27;-24,51,-11,-21;-28,-37,18,28;39,37,-27,30
1,0,0,0;3,-2,-3,3;0,-3,1,0;3,-3,-1,-3;-2,-2,-1,-2
1,0,0,0;3,-2,4,-5;5,5,-2,-4;-3,-2,2,4;1,0,0,-4
1,0,0,0;3,-3,5,-2;-3,1,2,0;1,4,-5,1;4,0,-2,5
1,0,0,0;3,0,-3,0;4,5,0,0;5,0,0,6;1,0,-1,0
1,0,0,0;3,0,-3,1;1,-1,3,1;-3,-1,-3,-1;2,-3,-1,-3
1,0,0,0;3,0,-5,0;2,0,0,0;1,0,-3,0;3,0,-1,0
1,0,0,0;3,0,0,-1;-1,3,-1,2;-2,0,0,1;3,2,-3,2
1,0,0,0;3,0,0,-1;5,0,-6,0;2,0,0,5;5,0,0,0
1,0,0,0;3,0,0,1;1,0,-6,0;6,0,0,6;5,0,0,-3
1,0,0,0;3,0,0,2;4,0,6,0;1,0,0,-4;2,0,-3,0
1,0,0,0;3,0,3,-1;3,-3,-2,1;-3,1,-2,1;-1,-3,2,3
1,0,0,0;3,3,1,3;3,3,-2,0;0,2,-1,0;3,-2,-1,-2
1,0,0,0;3,5,0,0;1,0,0,-4;1,3,0,0;5,0,0,0
1,0,0,0;31,-25,43,-22;42,52,-38,-45;44,0,-22,31;-29,-55,57,43
1,0,0,0;35,58,42,5;23,-12,27,-60;24,3,-9,-26;3,13,48,20
1,0,0,0;4,-3,-4,-5;-1,5,0,-2;4,0,-3,-3;4,3,-4,2
1,0,0,0;4,-6,0,0;1,2,0,0;3,0,0,-1;4,0,0,6
1,0,0,0;4,0,-1,0;2,0,0,5;2,1,0,0;2,0,0,-4
1,0,0,0;4,0,0,2;1,0,0,-6;4,2,0,0;1,0,0,0
1,0,0,0;4,0,4,0;2,0,0,1;5,0,0,0;1,0,-6,0
1,0,0,0;4,1,1,4;0,-1,4,-4;-2,-4,2,-2;3,1,-5,2
1,0,0,0;4,2,5,0;2,1,-4,-4;-3,4,-4,-3;5,5,-3,-3
1,0,0,0;4,3,-5,-1;0,-2,0,-1;5,2,-4,3;1,-2,3,0
1,0,0,0;41,-31,-31,23;19,39,-45,28;-41,6,-5,-20;-1,-26,28,-37
1,0,0,0;41,54,16,-2;-16,17,48,2;-1,-56,-36,-42;60,0,26,-57
1,0,0,0;5,-2,0,0;6,0,0,4;6,0,0,2;5,6,0,0
1,0,0,0;5,-5,5,-3;1,2,4,-4;2,0,1,4;4,1,-1,2
1,0,0,0;5,0,0,-5;5,0,0,-3;2,0,4,0;3,-4,0,0
1,0,0,0;5,0,0,6;2,0,0,3;1,-2,0,0;1,0,5,0
1,0,0,0;5,0,1,0;3,0,0,6;1,-5,0,0;5,4,0,0
1,0,0,0;5,0,5,0;3,0,0,6;4,0,0,-5;5,0,0,-4
1,0,0,0;5,1,4,-4;-4,-4,3,-3;-4,3,4,2;-5,-1,-2,-1
1,0,0,0;5,2,-5,1;2,-2,-1,4;-4,2,-5,-2;4,-3,-1,5
1,0,0,0;5,3,-2,3;5,-2,-2,-5;5,-4,-1,0;-1,1,-3,0
1,0,0,0;5,6,0,0;4,-3,0,0;2,0,3,0;3,0,1,0
1,0,0,0;54,52,24,-40;-1,5,11,57;-24,37,-39,59;32,-20,-30,11
1,0,0,0;58,-35,22,-33;28,46,-3,42;-22,25,57,-44;27,-29,42,33
1,0,0,0;6,-5,0,0;3,0,0,0;1,0,0,0;3,0,6,0
1,0,0,0;6,0,0,-5;1,0,1,0;1,0,0,2;1,3,0,0
1,0,0,0;6,0,0,-6;4,0,0,-4;2,0,3,0;5,1,0,0
1,0,0,0;6,0,0,-6;4,0,3,0;4,-6,0,0;2,2,0,0
1,0,0,0;6,0,0,5;3,-5,0,0;1,0,-4,0;3,0,0,-4
