per-depth counts of each run's best shared-plane compound (record 183 for comparison; proved caps d1<=104, d2<=66 in scope, d3<=24)
record 183: (183, {'0': 1, '1': 92, '2': 66, '3': 24, '4': 1})
137 {'0': 1, '1': 62, '2': 54, '3': 20, '4': 1} [(1, 0, 0, 0), (-13, 0, 0, -5), (6, -7, 7, 12), (1, 1, 7, -1)]
137 {'0': 1, '1': 62, '2': 54, '3': 20, '4': 1} [(1, 0, 0, 0), (12, 0, 0, -15), (7, 9, 6, 0), (-4, -3, -3, 3)]
137 {'0': 1, '1': 62, '2': 54, '3': 20, '4': 1} [(1, 0, 0, 0), (16, 0, 0, -24), (-3, -5, 3, 3), (2, 6, -3, 1)]
135 {'0': 1, '1': 60, '2': 54, '3': 20, '4': 1} [(1, 0, 0, 0), (-1, 0, 0, 6), (0, -4, 1, 3), (0, 2, -1, -3)]
135 {'0': 1, '1': 60, '2': 54, '3': 20, '4': 1} [(1, 0, 0, 0), (7, 0, 0, -5), (0, -2, 1, 3), (1, 1, -1, -4)]
135 {'0': 1, '1': 64, '2': 50, '3': 20, '4': 1} [(1, 0, 0, 0), (7, 0, 0, 5), (1, -4, -1, 1), (1, 1, -1, -4)]
135 {'0': 1, '1': 60, '2': 54, '3': 20, '4': 1} [(1, 0, 0, 0), (24, 0, 0, 27), (1, -4, 1, -1), (1, -1, 1, -5)]
135 {'0': 1, '1': 60, '2': 54, '3': 20, '4': 1} [(1, 0, 0, 0), (16, 0, 0, -17), (3, 3, 3, -6), (-6, 6, 14, 6)]
135 {'0': 1, '1': 64, '2': 50, '3': 20, '4': 1} [(1, 0, 0, 0), (1, 0, 0, -6), (-2, 8, -2, 2), (0, 2, 6, 4)]
135 {'0': 1, '1': 60, '2': 54, '3': 20, '4': 1} [(1, 0, 0, 0), (23, 0, 0, 26), (-5, -10, -5, -5), (4, 4, 4, 2)]
135 {'0': 1, '1': 64, '2': 50, '3': 20, '4': 1} [(1, 0, 0, 0), (49, 0, 0, 1), (6, 11, 0, -5), (12, 0, 10, -2)]
133 {'0': 1, '1': 58, '2': 54, '3': 20, '4': 1} [(1, 0, 0, 0), (11, 0, 0, -2), (8, -2, 0, -6), (-9, 9, -9, -11)]
133 {'0': 1, '1': 62, '2': 50, '3': 20, '4': 1} [(1, 0, 0, 0), (3, 0, 0, 5), (1, 1, -1, 5), (-1, -2, -7, 2)]
133 {'0': 1, '1': 58, '2': 54, '3': 20, '4': 1} [(1, 0, 0, 0), (-1, 0, 0, 2), (-10, 9, 0, -5), (-7, -4, 7, -7)]
133 {'0': 1, '1': 58, '2': 54, '3': 20, '4': 1} [(1, 0, 0, 0), (33, 0, 0, -13), (0, 6, -5, 1), (4, 5, -4, 4)]
131 {'0': 1, '1': 60, '2': 50, '3': 20, '4': 1} [(1, 0, 0, 0), (20, 0, 0, -10), (-4, -10, -4, -6), (-6, 4, 2, 4)]
